475
-462
-697
 728
 -56
-985
 -75
 897
 896
-174
-407
-252
 931
-804
-895
-300
 898
 643
 211
 557
-110
-195
 658
 935
 999
 636
-173
-734
 467
  83
 341
 778
 952
-500
 638
-635
-698
-141
 647
-109
-501
 435
 489
-531
-148
 -91
 795
-340
 235
-437
 775
  -3
-632
 888
-722
-215
-929
-867
 600
 248
 -99
 940
 -29
-479
-210
 692
 358
-926
-828
-163
-595
-193
  74
 826
-735
 320
 570
 531
 308
-534
 966
 325
-833
-692
-663
 290
-738
-967
-292
-897
-253
 918
-391
 365
-187
-127
 548
 761
 380
 710
 595
 370
-711
-478
 666
-477
-508
 157
-439
-142
-459
-514
 -98
-316
-113
-361
-117
-606
 437
  43
-596
 853
-944
-728
 186
  61
 982
-802
-652
 946
 177
-795
-463
 497
 185
 -53
 496
-658
-165
-350
-390
 856
-333
-430
-107
 532
 920
 869
-974
-638
-443
-775
 506
-994
 196
 450
-742
 783
  18
  90
-891
-287
-336
 620
-819
 -26
 395
-584
 766
-270
 190
-178
-234
-294
 479
-641
-344
 691
-869
 270
-856
 515
-988
  -6
 200
-913
  38
 963
 301
-135
-373
-905
-669
-920
-485
-211
-396
 713
 271
 627
-680
 939
-731
-801
 611
-249
-325
-495
 908
 203
-997
 644
1000
-696
-481
-370
 -79
 951
 971
-820
-427
 758
-940
 708
 911
 569
   1
-622
 716
-320
-950
 752
-467
 748
 306
 -39
 891
 -74
 773
-662
 344
 155
 986
-631
 669
-280
-576
 697
-812
-799
  41
 402
-572
  27
 303
 835
 632
 924
-244
-153
 906
-739
-399
 719
 -52
 343
-737
 127
 285
-627
-299
-393
 -11
 -17
-359
 257
 119
-506
-713
-636
 740
-853
-129
-756
-629
-948
 232
-511
-489
 871
  57
 709
-283
 657
-855
-548
 634
 166
-144
-297
 606
-213
-120
 454
 741
-972
-248
 327
 953
 373
  64
 399
 722
  59
-870
 172
-240
  60
-674
 693
 596
-118
 297
-766
-404
-262
 553
-136
 198
-745
 239
 474
-936
-276
-557
 790
 641
-639
 521
 738
-930
  11
-777
 352
 603
 -71
 997
  46
-885
 403
 -23
  98
 245
 528
-438
 189
-601
   3
-177
 150
-945
-451
-993
-955
 182
-528
-289
-646
 822
 605
-354
-102
-723
 591
 685
 574
 838
-998
-529
 101
  96
-917
-455
-848
-339
-220
 351
 423
-348
 287
 784
 224
-521
 843
 960
  88
-271
 582
 880
-951
-520
-691
-200
  71
-296
-981
 734
-854
-221
 878
-914
-267
-260
 726
 914
 213
 206
 518
 333
 442
 977
-719
-385
-146
-537
 623
 485
-523
 577
-487
-491
-864
  95
 781
 -61
-314
-943
 404
 874
 802
 486
 126
 413
 941
  69
-829
-599
 625
 948
-772
 494
-490
 580
  52
 672
 622
 113
-170
 392
 410
-378
-783
 560
-562
 571
 153
 677
 759
-871
 851
-934
-559
 533
-890
 870
-791
 147
-204
-375
 180
-789
-145
-911
 407
-825
  80
 -18
-492
 704
-883
-794
 140
-714
 756
 958
-761
-411
-372
-724
-338
 214
  26
-360
 416
-893
  66
-236
-388
 334
 -37
 336
-175
-353
 590
 -60
 272
-330
-582
 630
 125
-769
 905
-419
 123
-101
  24
-625
  97
 550
-840
-247
-540
 318
-598
 199
 618
 653
 867
 621
 -47
 469
 221
 -45
-433
-331
 809
 537
-209
-956
-321
 471
 787
 978
-585
 362
-512
 923
-815
 305
-838
  72
 289
-588
-114
-780
 120
-591
-686
 865
 930
-434
-847
 -58
-587
-912
 744
 535
 990
 -34
 -80
 -46
-580
 277
-986
 777
-169
 729
-484
 406
 715
 103
-971
 799
  81
 381
 921
-546
-106
-834
-431
 886
-732
-435
-207
 288
 421
 863
 602
-846
-256
 628
-634
 913
  89
 735
-928
-989
 458
-497
 384
 222
-703
-843
 483
-773
 -24
 847
-858
-946
-859
-746
 798
-553
-874
-640
-230
 841
-381
 860
-781
-970
 438
-835
 -59
 -55
-535
-382
 106
-752
-694
 755
-279
-473
-246
-131
 269
 757
-851
 443
 957
 916
-968
 -33
-105
-980
 619
-326
-709
  12
 188
-677
 955
-597
-315
-182
-440
-901
 141
-239
 460
 687
 238
-630
-942
-367
 197
 794
 488
 631
-687
 434
 461
-312
 511
 673
 599
-706
-984
-510
 688
  44
 -35
 212
 326
-335
-793
-792
 292
-380
-532
 331
 857
 762
 262
 -50
 184
 319
 540
 280
-990
-158
 846
 873
 884
 490
 -27
-678
 581
-420
-607
 274
 842
 279
-660
 900
 264
-184
-476
-729
-757
 768
 733
 388
 -22
 487
-190
 447
-206
 246
 782
-151
-708
 514
 576
-303
 312
-618
 265
 -68
-918
-227
 244
 167
 449
  48
 830
 648
 578
-776
 718
-423
 296
-549
-861
 686
-519
 529
 524
 810
-659
 495
-392
 938
-222
-969
-661
 459
-643
 604
 767
 890
-480
 -48
 801
 240
 742
 142
-219
 956
 144
 695
 893
-672
-790
 821
-172
-550
 996
-705
-288
-899
-682
-446
 967
-603
-556
-119
 743
 601
-311
-852
-337
 291
 -97
-616
 626
-229
-237
-457
-983
-363
-448
 158
-727
 393
 565
 701
 707
 508
  51
-771
 216
  39
 162
 183
 174
-768
 750
-803
 976
 592
-844
 877
 879
 311
 473
 217
 675
  67
 391
 -54
 -43
-760
  70
 696
 -13
-577
-342
 109
 176
-690
 405
 932
 466
 539
-957
-242
-143
-472
-979
 536
 477
-538
 645
-384
  40
 476
-805
-884
-927
 -69
-398
  19
-428
 425
 720
-357
 116
-444
-699
 848
 368
 763
-255
 149
 378
 268
 151
-355
  -7
-707
-216
 -67
 278
-902
-817
-329
-468
-416
-183
 812
-171
-493
  86
-441
-334
 779
 135
-725
-218
-291
-670
 831
 814
 366
-810
-741
 904
-655
-387
 323
-960
 228
-278
-168
 588
 915
-250
-551
 907
 304
-322
 803
 256
-450
-574
 510
 894
 983
 993
 901
 122
 117
 -92
-941
-273
-305
-818
-604
 862
-806
-266
-931
 828
 231
 440
-402
 110
-816
-919
 -20
-907
-224
   5
 453
-205
 412
-498
-555
 424
-263
 671
 462
 817
-987
 -38
-111
-903
 881
 499
 717
-589
 739
   8
  13
 832
 633
 145
-369
 507
 371
 498
 679
 683
 233
-726
 617
-397
 547
  25
 124
-486
  29
-814
-452
 868
 949
-570
-693
-965
 107
-923
 552
 732
-718
  -9
-464
-681
 255
 -70
 962
 -25
 335
 945
  55
 -93
 114
-449
 361
 347
-797
  50
-701
 179
-811
-460
-675
 112
-161
 883
 927
-124
-935
 464
-947
-284
-569
-857
 780
 356
 234
 215
-898
-302
 806
  -8
-298
-611
 346
 753
-425
 427
-191
 -77
-887
 745
 668
 -84
-667
  30
 389
-268
 226
-345
 300
-272
  62
-542
 175
 568
-609
-259
-964
 680
-261
  54
 646
-822
-575
  15
-910
 624
-379
-863
 465
 991
 813
 555
  -4
-306
-513
 572
 824
 230
 771
  56
 980
 118
-152
-349
 253
-352
 181
 723
-232
 178
-494
-610
-849
-317
 892
 975
-900
-743
 902
 400
 607
-1000
-880
 -76
-749
-115
 785
 349
-164
-748
 534
-400
 -15
 154
-558
 420
 379
-245
 770
 218
 491
-351
-522
-132
-807
  87
-290
 815
 251
 663
-323
-700
-650
 769
 409
-554
-504
 463
  23
  82
 372
 665
 968
 705
 549
 660
-688
 353
 375
-516
 -14
-888
-139
-126
 724
-995
-465
-475
-509
-474
-383
 984
 322
-623
-432
 205
-341
 143
 635
 556
-376
-938
-470
 998
-684
-304
-422
 737
 108
-482
 689
 468
 163
-823
-666
 332
 805
 252
-374
-257
-759
 309
-721
 844
 414
 169
 452
 -10
-952
-668
 655
 445
-530
-962
 313
  36
-243
 209
-860
 816
  49
 823
 542
-332
-254
-223
 345
-842
-909
 811
 519
 608
-286
-689
 760
 132
-626
 448
-673
-128
  -5
 994
-712
-865
-179
-750
-710
-671
 387
 505
-808
-827
-651
-592
 711
-225
-800
 885
 876
 764
 455
 492
-123
 446
 -30
-389
-961
-809
-413
 137
 882
-695
-134
 836
 942
 973
 484
-426
 699
-813
-787
-212
-837
 509
 456
 566
-217
-313
 -88
-744
 207
-371
 530
-879
-764
-862
-368
 681
-265
-560
 472
  35
 899
 917
-868
 -62
  22
-185
-525
-502
-608
 690
-841
  42
 340
 408
-908
 972
 315
 259
 -44
 544
 -31
 791
-779
 837
-154
-676
 746
 261
 642
 286
 330
 139
 866
 128
 436
 501
-876
  68
 348
-565
-499
 478
-683
-293
-982
 649
 480
-196
-328
 523
 482
 772
-536
 513
-821
 965
 295
-194
-765
-515
-518
-889
-507
-346
-366
-578
-343
-613
 317
 694
 751
-615
 936
 338
-850
-796
-624
 260
 730
-156
 502
 377
-539
 910
-568
  73
   2
 156
-456
 827
 616
 339
 712
 138
 567
-561
 561
 525
 609
 676
-977
-605
-424
 429
 504
-872
-409
 -87
 928
 988
-949
-319
  33
-839
-619
-408
 350
 889
 324
 360
 825
 -65
-922
 194
 481
 503
 383
 747
 589
-614
-665
-654
-753
 441
-275
-921
-770
 943
-121
 678
 457
 -95
 995
 -78
 800
 164
 970
 818
 433
-386
-720
 342
-401
 670
 612
 105
-573
 161
-642
-830
 359
-991
 444
 386
 394
 700
  10
  99
-231
 652
 329
-198
 415
 834
 858
  31
 171
 861
-199
 293
-755
 789
-875
-201
 263
-996
 979
 -63
-192
-147
-552
-751
 919
 369
 225
 229
 258
-202
-403
-836
-763
-251
-377
-318
-309
 -72
 104
 376
-782
 667
-527
 363
-590
-150
 974
 721
-503
-447
  84
-167
-395
-621
  47
 243
 674
 538
 201
 273
-454
-180
 926
-600
-963
-133
-264
-307
 208
-915
   9
 520
-831
 193
 -94
 594
-886
-125
 776
-906
-421
 267
-524
-953
-235
 275
 558
-103
 875
-966
 845
-356
 -40
 204
-873
 385
 797
-108
 426
 133
-310
-159
-405
-461
 654
-563
-358
  94
 598
 714
-442
 439
 247
-203
 210
 703
 310
 659
 115
 933
-414
-785
 -28
-647
 989
 -83
 283
  14
 432
-784
-579
-496
-637
-188
 284
 390
 749
 593
 731
-877
-505
 925
  76
-469
-649
-937
-471
-233
 650
-208
-526
-415
 165
 111
-653
-594
-628
  45
 219
  77
 354
 -21
 -86
 985
-958
 615
-567
 543
 903
 -41
 430
-778
 573
 527
 254
-181
 249
  -2
 -66
-541
 754
 597
 614
-166
-798
  65
-882
  79
-122
 100
 417
 922
 563
 428
-564
 294
 526
-602
-679
 864
 872
 276
 961
-740
 587
-160
-365
 637
-176
 374
-269
-762
-186
-258
-717
 661
 302
 396
-715
-140
 516
  85
 -42
 -73
 451
-157
 992
 786
-581
-241
 698
 168
 706
 682
-992
 656
-896
  34
-832
  58
-436
-281
-100
-925
-282
-845
-488
-758
  21
 202
-418
 146
 583
 422
 307
-593
-954
 -32
 191
 725
 173
-347
-959
 819
-155
-112
 470
 321
-648
-704
 242
 159
 -49
 545
 121
-458
 736
-786
 969
-892
  28
 -82
 702
 664
-730
-975
-774
 493
 -90
-162
-429
-894
 564
 -12
-228
-644
 401
  -1
-517
-543
 808
-754
 418
 236
 223
 912
 131
 411
-571
 796
 522
  17
 -57
 964
 586
 850
  20
 954
 559
 298
-149
 640
-274
  78
-612
 807
 134
-978
 -36
 909
-277
-747
 187
-657
-976
 584
 854
 -19
-826
 541
-788
 397
 839
 367
-308
-130
 684
  32
 431
 793
-138
-362
 266
 833
-394
 629
-285
   7
-866
-410
-295
 129
 895
 237
 585
-620
 959
-932
-916
-617
-973
 227
 357
-685
 727
-999
 136
 241
 337
  91
 -64
-545
-324
 314
 840
 774
 788
 195
 102
 554
-137
 546
-904
 220
-544
-702
 849
 282
 382
-664
 130
   4
 -89
-656
 355
-226
 929
 613
 662
 170
  16
 934
  93
 981
 950
-586
-566
-466
 551
 419
-483
-238
   0
 792
-364
-214
 328
-445
 281
 -51
 829
 -81
  63
-645
 152
-583
 579
   6
-767
-301
-939
-327
-878
-417
 -96
 937
-924
 610
 987
-633
  92
 887
 364
-716
 765
 512
 562
 250
 -85
 944
 192
 639
-933
  37
-736
-733
-453
-104
 148
 804
 651
 -16
 947
 316
-881
-547
  75
-406
 160
 500
 855
 820
 398
  53
 575
 517
 859
-412
-197
-116
-824
-189
-533
 852
 299
